0.5000000000  0.7925373134  0.5540540541  0.7488888889  0.7303030303  0.4913669065  0.8885714286  0.4764705882  0.8200000000  0.1000000000  1
0.5000000000  0.7716417910  0.5108108108  0.7400000000  0.8272727273  0.4913669065  0.8942857143  0.4764705882  0.8200000000  0.1424242424  2
0.5000000000  0.7865671642  0.6405405405  0.8111111111  0.8030303030  0.4453237410  0.9000000000  0.5235294118  0.7800000000  0.1909090909  3
0.5000000000  0.7462686567  0.5405405405  0.8111111111  0.7585858586  0.5373015873  0.9000000000  0.4764705882  0.6600000000  0.2272727273  4
0.5000000000  0.7835820896  0.6405405405  0.8333333333  0.8030303030  0.4913669065  0.9000000000  0.5235294118  0.7800000000  0.2454545455  5
0.5000000000  0.8238805970  0.5945945946  0.8333333333  0.7818181818  0.4453237410  0.9000000000  0.4294117647  0.7800000000  0.2545454545  6
0.5000000000  0.7761194030  0.5945945946  0.8333333333  0.8030303030  0.4913669065  0.9000000000  0.5235294118  0.7800000000  0.2818181818  7
0.5000000000  0.8432835821  0.7027027027  0.8444444444  0.7585858586  0.5143884892  0.8942857143  0.4764705882  0.7800000000  0.2909090909  8
0.5000000000  0.7313432836  0.5540540541  0.7488888889  0.7585858586  0.5143884892  0.8942857143  0.4764705882  0.7800000000  0.3090909091  9
0.5000000000  0.8805970149  0.5405405405  0.8666666667  0.7808080808  0.5373015873  0.9000000000  0.4294117647  0.5400000000  0.3454545455  10
0.5000000000  0.7462686567  0.4594594595  0.8000000000  0.7808080808  0.5373015873  0.9000000000  0.5235294118  0.4200000000  0.3454545455  11
0.5000000000  0.7761194030  0.6405405405  0.7266666667  0.8030303030  0.4682539683  0.9000000000  0.5235294118  0.7800000000  0.3545454545  12
0.5000000000  0.8208955224  0.5945945946  0.7777777778  0.7585858586  0.5373015873  0.8942857143  0.4764705882  0.6600000000  0.3636363636  13
0.5000000000  0.7865671642  0.8648648649  0.6000000000  0.7808080808  0.5373015873  0.9000000000  0.4294117647  0.5400000000  0.3727272727  14
0.5000000000  0.7805970149  0.5540540541  0.8222222222  0.8030303030  0.5143884892  0.8942857143  0.4764705882  0.8200000000  0.3818181818  15
0.5000000000  0.7731343284  0.6216216216  0.8333333333  0.7585858586  0.4913669065  0.8942857143  0.5235294118  0.6600000000  0.4000000000  16
0.5000000000  0.8208955224  0.6216216216  0.8111111111  0.7363636364  0.5021164021  0.9000000000  0.5235294118  0.6600000000  0.4090909091  17
0.5000000000  0.8208955224  0.5945945946  0.8000000000  0.7585858586  0.5143884892  0.8885714286  0.4764705882  0.6600000000  0.4181818182  18
0.5000000000  0.7761194030  0.5405405405  0.7444444444  0.7363636364  0.5600706738  0.9000000000  0.3535294118  0.8200000000  0.4181818182  19
0.5000000000  0.7731343284  0.5405405405  0.8333333333  0.7585858586  0.5373015873  0.9000000000  0.4764705882  0.6600000000  0.4545454545  20
0.5000000000  0.8059701493  0.6486486486  0.7777777778  0.7818181818  0.4913669065  0.9000000000  0.4764705882  0.8200000000  0.4636363636  21
0.5000000000  0.8029850746  0.5945945946  0.8000000000  0.7808080808  0.5373015873  0.9000000000  0.5235294118  0.4200000000  0.4727272727  22
0.5000000000  0.7985074627  0.5945945946  0.7266666667  0.7585858586  0.4682539683  0.9000000000  0.5235294118  0.8200000000  0.4818181818  23
0.5000000000  0.7313432836  0.6486486486  0.7111111111  0.7808080808  0.5143884892  0.8885714286  0.4764705882  0.8200000000  0.4909090909  24
0.5000000000  0.8925373134  0.5405405405  0.8777777778  0.7808080808  0.5143884892  0.9000000000  0.3070588235  0.7800000000  0.5000000000  25
0.5000000000  0.8537313433  0.6486486486  0.8666666667  0.7585858586  0.5600706738  0.9000000000  0.5235294118  0.6600000000  0.5090909091  26
0.5000000000  0.7731343284  0.6216216216  0.8222222222  0.7585858586  0.5827973208  0.8942857143  0.5235294118  0.6600000000  0.5181818182  27
0.5000000000  0.7805970149  0.5540540541  0.8111111111  0.7585858586  0.5373015873  0.8942857143  0.4764705882  0.6600000000  0.5272727273  28
0.5000000000  0.7761194030  0.5945945946  0.6000000000  0.7585858586  0.4913669065  0.8885714286  0.4764705882  0.8200000000  0.5363636364  29
0.5000000000  0.8388059701  0.8108108108  0.8444444444  0.7363636364  0.5714285714  0.8942857143  0.5235294118  0.7800000000  0.5454545455  30
0.5000000000  0.7462686567  0.5540540541  0.7888888889  0.8030303030  0.4682539683  0.8885714286  0.4764705882  0.6600000000  0.5545454545  31
0.5000000000  0.8686567164  0.7567567568  0.7555555556  0.7141414141  0.4761904762  0.8942857143  0.5235294118  0.8200000000  0.5636363636  32
0.5000000000  0.8029850746  0.5945945946  0.7555555556  0.6767676768  0.4913669065  0.8942857143  0.4764705882  0.5400000000  0.5727272727  33
0.5000000000  0.8208955224  0.5945945946  0.8111111111  0.7585858586  0.4913669065  0.8942857143  0.4294117647  0.5400000000  0.5818181818  34
0.5000000000  0.8746268657  1.0000000000  0.8555555556  0.7808080808  0.4913669065  0.9000000000  0.5235294118  0.6600000000  0.5909090909  35
0.5000000000  0.8686567164  0.5945945946  0.8666666667  0.8515151515  0.4682539683  0.8942857143  0.3535294118  0.8200000000  0.6000000000  36
0.5000000000  0.7761194030  0.6216216216  0.7777777778  0.7808080808  0.5143884892  0.9000000000  0.5235294118  0.8200000000  0.6090909091  37
0.5000000000  0.7865671642  0.5945945946  0.8111111111  0.7818181818  0.5253230853  0.9000000000  0.5235294118  0.6600000000  0.6181818182  38
0.5000000000  0.8388059701  0.6216216216  0.8222222222  0.7808080808  0.5034391534  0.8885714286  0.4764705882  0.8200000000  0.6272727273  39
0.5000000000  0.8059701493  0.6486486486  0.7777777778  0.7818181818  0.4913669065  0.8942857143  0.3535294118  0.6600000000  0.6363636364  40
0.5000000000  0.8388059701  0.6486486486  0.7888888889  0.7818181818  0.5143884892  0.8885714286  0.4294117647  0.8200000000  0.6545454545  41
0.5000000000  0.8507462687  0.5540540541  0.8111111111  0.8030303030  0.3994708995  0.8885714286  0.5235294118  0.7800000000  0.6636363636  42
0.5000000000  0.9104477612  0.6486486486  0.8555555556  0.7363636364  0.5143884892  0.8942857143  0.4764705882  0.8800000000  0.6727272727  43
0.5000000000  0.7865671642  0.6486486486  0.8222222222  0.7818181818  0.4913669065  0.8942857143  0.5235294118  0.8200000000  0.6818181818  44
0.5000000000  0.7462686567  0.8108108108  0.7333333333  0.7808080808  0.5600706738  0.9000000000  0.4764705882  0.6600000000  0.6909090909  45
0.5000000000  0.8985074627  0.6486486486  0.8000000000  0.7808080808  0.5827973208  0.9000000000  0.5235294118  0.5400000000  0.7000000000  46
0.5000000000  0.7835820896  0.8648648649  0.8111111111  0.7383838384  0.4453237410  0.9000000000  0.3535294118  0.5400000000  0.7090909091  47
0.5000000000  0.8358208955  0.6486486486  0.8222222222  0.7808080808  0.4682539683  0.9000000000  0.5235294118  0.7800000000  0.7181818182  48
0.5000000000  0.8238805970  0.7837837838  0.7555555556  0.7818181818  0.5600706738  0.8942857143  0.4764705882  0.7800000000  0.7272727273  49
0.5000000000  0.7462686567  0.4864864865  0.8111111111  0.8515151515  0.4232804233  0.8942857143  0.4764705882  0.6600000000  0.7363636364  50
0.5000000000  0.8238805970  0.5945945946  0.7555555556  0.7818181818  0.4913669065  0.9000000000  0.5235294118  0.7800000000  0.7454545455  51
0.5000000000  0.7313432836  0.5405405405  0.7444444444  0.7808080808  0.5143884892  0.9000000000  0.3535294118  0.8200000000  0.7545454545  52
0.5000000000  0.8328358209  0.6486486486  0.7777777778  0.7808080808  0.4682539683  0.9000000000  0.5235294118  0.5400000000  0.7636363636  53
0.5000000000  0.8388059701  0.6216216216  0.8777777778  0.7585858586  0.5827973208  0.8885714286  0.4294117647  0.7800000000  0.7727272727  54
0.5000000000  0.8059701493  0.6486486486  0.7266666667  0.7808080808  0.5373015873  0.9000000000  0.4294117647  0.5400000000  0.7818181818  55
0.5000000000  0.8328358209  0.6216216216  0.8444444444  0.7141414141  0.4761904762  0.8942857143  0.4764705882  0.8200000000  0.7909090909  56
0.5000000000  0.8656716418  0.6216216216  0.8666666667  0.7727272727  0.5595238095  0.8942857143  0.3535294118  0.6600000000  0.8000000000  57
0.5000000000  0.8238805970  0.6216216216  0.7555555556  0.7818181818  0.4913669065  0.8942857143  0.4764705882  0.8200000000  0.8090909091  58
0.5000000000  0.7985074627  0.5945945946  0.7777777778  0.7818181818  0.5143884892  0.8942857143  0.3535294118  0.7800000000  0.8272727273  59
0.5000000000  0.8238805970  0.6486486486  0.8222222222  0.8515151515  0.4453237410  0.8942857143  0.3535294118  0.7800000000  0.8363636364  60
0.5000000000  0.7761194030  0.5945945946  0.4888888889  0.8030303030  0.4913669065  0.8942857143  0.4764705882  0.7800000000  0.8454545455  61
0.5000000000  0.8985074627  0.8108108108  0.8555555556  0.7585858586  0.4682539683  0.9000000000  0.5235294118  0.7800000000  0.8545454545  62
0.5000000000  0.7761194030  0.6216216216  0.8111111111  0.7585858586  0.5143884892  0.9000000000  0.5235294118  0.7800000000  0.8636363636  63
0.5000000000  0.7805970149  0.5540540541  0.8222222222  0.7818181818  0.5600706738  0.8942857143  0.4764705882  0.8200000000  0.8727272727  64
0.1000000000  0.1000000000  0.1000000000  0.1000000000  0.1000000000  0.1000000000  0.1000000000  0.1000000000  0.1000000000  0.9000000000  66
