0
0
0
0
-0.9601696824187184
12.221378089450873
14.757864553469743
-15.1560583207217
1.6735615058392181
28.275063397138776
4.9253380746802105
-20.494182083431397
60.1219962023671
-130.22800252153775
11.871573606632454
8.846894423255613
-7.166663180286404
23.336502288250532
-2.1447314044741286
-9.42772769020163
-3.3645873771992765
12.640673532868886
-18.521159538143902
-9.198203745335947
16.814459374524976
-10.943643807825906
-4.043637898701503
-9.520743240412163
-42.15911480043248
-23.33008815724922
-8.131602004114892
14.555878634341838
-12.05776890090498
-3.992911681546639
-1.3638167725943433
1.7241626093402374
-2.011792055503314
38.84438864186946
10.275071062122064
-26.20113641843587
22.481029896976114
-8.21929443004553
-182.7562917407317
0.3764864650545189
0.0717947935422834
-0.03139439069795831
0.07214880825220496
-0.06272469252601702
-0.5305093678839307
-0.020415584009551187
0.6427609623233145
-0.8810165890083981
-9.682915304130823
-0.11003929266792788
-0.599301310284167
-1.6419461905859924
0.6149582966000372
-1.4294273799649146
-0.38543117685550976
-0.5062797329203179
-0.21085427515950647
0.5910973670397827
-0.6532058725707983
-6.0713614238821005
-0.23879169729299377
-0.4364049616734023
-1.5142588882099473
0.6203436533130715
-0.7659876895878285
0.13886494473592903
2.8789135124454472
6.395018002358921
-1.1459599037117167
1.53399250978432
-4.29142147956111
7.514784767189145
4.355548099040969
-10.381193299544242
-5.729639121763393
-41.91390378515952
-1.5215518408724802
