0 61.56044102209585 46.0 -33.82704570020837
0 33315.19773718569 23719.0 -40.457851246619555
0 1535.7980063216382 1279.0 -20.078030204975626
1 57.76238424867296 60.00000000000001 3.7293595855450805
1 30034.329350515065 31333.000000000007 4.144737655139763
1 1371.421451244919 1295.0 -5.901270366403004
2 61.861293881818185 55.0 -12.475079785123972
2 32520.278892761467 30441.0 -6.83052098407236
2 1977.6988361707713 1817.0000000000005 -8.84418470945354
3 59.87759397621948 51.00000000000001 -17.407047012195044
3 33178.288112108115 26675.0 -24.379711760480284
3 19.368433922463794 0.10000000000002274 -19268.43392245939
4 66.27904516482383 62.00000000000001 -6.901685749715838
4 34971.2403941461 30973.0 -12.908792800652508
4 961.3968062864245 1393.9999999999995 31.033227669553455
5 56.31421150746053 51.00000000000001 -10.420022563648077
5 30462.373495206535 27583.000000000004 -10.43894244718316
5 278.9901736284891 1673.0 83.32395853983925
6 69.7512200653309 44.0 -58.52550014847932
6 36565.02677316562 21878.000000000007 -67.13148721622456
6 1004.7868561663742 887.0 -13.279239703086148
7 44.59801558672813 42.0 -6.185751396971741
7 25821.79702721659 21629.0 -19.38507109536544
7 578.3096997908849 319.0 -81.28830714447803
8 71.00955105076285 60.00000000000001 -18.349251751271407
8 37344.90069242072 29847.0 -25.121120020171944
8 816.7288539377914 1643.0 50.290392334887926
9 63.06253376319615 53.0 -18.985912760747453
9 33908.55252540463 27443.0 -23.559933408900736
9 285.46594539569753 1540.0 81.46325029898068
10 59.823857000840206 46.0 -30.051863045304795
10 32640.153185004136 21629.0 -50.909210712488495
10 1540.275989997263 1702.0000000000005 9.501998237528639
11 56.77711286052123 40.0 -41.94278215130307
11 30673.434519292852 23820.000000000007 -28.77176540425207
11 882.4455081799899 1072.0 17.68232199813527
12 64.94925936367142 58.00000000000001 -11.981481661502428
12 34122.18849193348 31462.0 -8.455242806984543
12 1351.7759420712914 1370.0 1.3302232064750796
13 60.914121655908595 61.0 0.14078417064164797
13 32298.691996485344 3012.0 -972.3337316230195
13 283.88612411038594 1630.0 82.58367336746099
14 63.94831688428854 60.00000000000001 -6.580528140480883
14 33797.06768149017 32748.999999999996 -3.2003043802564073
14 1296.6711098204 1253.0 -3.4853240080127716
15 65.9623306771654 46.0 -43.39637103731608
15 35309.47884993418 27206.0 -29.785631294325448
15 103.49732471517399 648.0 84.02819063037438
16 67.44577567212588 74.0 8.857059902532601
16 35324.62064829234 37552.99999999999 5.933958276855793
16 1046.092685138305 1326.0 21.109148933762828
17 55.46011434098791 49.0 -13.183906818342667
17 30277.84279446642 25864.000000000004 -17.065584574955217
17 670.1405330032694 1280.0 47.64527085911958
18 61.78831708704376 60.00000000000001 -2.9805284784062516
18 32605.53800370317 31524.000000000004 -3.4308400066716294
18 1764.3390726072275 1705.0000000000005 -3.4802975136203553
19 63.63577229842478 42.0 -51.51374356767805
19 34015.209678044346 23131.000000000007 -47.05464388934475
19 393.5153727522409 1020.0000000000001 61.42006149487834
20 67.68934406095886 72.0 5.9870221375571395
20 35898.077872447844 36797.0 2.4429223239724864
20 960.2246758903188 2124.0 54.791681926067845
21 57.599471830599676 45.0 -27.9988262902215
21 31343.258193656486 25610.0 -22.386794977182685
21 559.9400736831216 1291.0000000000002 56.62741489673729
22 79.80069965552994 61.0 -30.82081910742613
22 42467.584636023006 31954.0 -32.90224897046694
22 214.15006929783917 1750.0 87.76285318298062
23 59.74621904736443 44.0 -35.78686147128279
23 31867.626510091362 23967.000000000004 -32.96460345513147
23 610.1934748502393 1137.0 46.333027717657046
24 65.37997535298214 54.0 -21.074028431448415
24 34939.83013393738 28954.0 -20.67358615022926
24 548.9481026818008 752.0000000000001 27.001582090186073
25 59.879091489820354 45.0 -33.064647755156344
25 32449.598302458955 23149.000000000007 -40.177106149116355
25 438.9816618999556 409.00000000000006 -7.330479682140721
26 63.813746397426 72.0 11.369796670241666
26 34227.53637250722 37499.0 8.724135650264762
26 577.7667291768552 0.10000000000002274 -577666.7291767237
27 31.254269913403913 27.0 -15.756555234829309
27 17309.014845717316 14165.0 -22.1956572235603
27 1008.707489347553 806.0000000000002 -25.149812574138046
28 68.70762386982204 58.00000000000001 -18.461420465210406
28 36248.89987054259 30180.0 -20.109012162168955
28 761.1495718401331 1313.0000000000005 42.029735579578606
29 33.985527278859706 30.0 -13.285090929532354
29 19322.39235464872 15176.000000000004 -27.322037128681576
29 1101.8308319886287 1240.0 11.14267483962672
30 70.40199726608684 61.0 -15.413110272273503
30 37481.82429787303 32543.999999999996 -15.172763943808478
30 647.5452576279365 0.10000000000002274 -647445.2576277893
31 64.35391566724284 52.00000000000001 -23.757530129313146
31 34475.81508814415 26092.000000000004 -32.13174570038381
31 148.9833774262085 570.0 73.86256536382308
32 66.99498174751882 52.00000000000001 -28.836503360613104
32 35885.03294237939 30316.000000000004 -18.369946372804407
32 317.3694572883543 0.10000000000002274 -317269.4572882821
33 54.70997438992946 43.0 -27.232498581231297
33 29160.200033748588 20296.000000000007 -43.67461585410217
33 142.9394872468447 0.10000000000002274 -142839.4872468122
34 81.46686412147008 60.00000000000001 -35.77810686911679
34 43154.48412350452 32260.0 -33.77087453039218
34 629.058169706243 0.10000000000002274 -628958.1697060999
35 64.41931328584458 52.00000000000001 -23.88329478047033
35 34456.18674234173 26603.0 -29.51992911454245
35 159.39908032964485 0.10000000000002274 -159299.0803296086
36 81.40734660022025 57.0 -42.819906316175874
36 42926.17068650436 28717.0 -49.479996818972594
36 1081.3094984153067 0.10000000000002274 -1081209.498415061
37 64.75865597291613 55.0 -17.743010859847512
37 34685.162878762356 28405.0 -22.10935708066311
37 157.19139755317454 0.10000000000002274 -157091.39755313878
38 81.41741731982762 70.0 -16.310596171182315
38 42824.8292905537 38230.0 -12.018909993601104
38 1405.2033200842495 1345.0 -4.47608327763937
39 57.86428242650586 49.0 -18.09037229899155
39 30880.665584309518 25633.000000000007 -20.472303609836963
39 71.26944765705707 0.10000000000002274 -71169.44765704087
40 61.24620000949877 48.00000000000001 -27.596250019789085
40 32636.67250324238 24605.0 -32.642440574039334
40 1835.3946127603563 1358.0 -35.154242471307526
41 63.551716071323305 64.00000000000001 0.7004436385573574
41 33943.57528791927 33841.0 -0.30310950598171815
41 54.53475708846736 0.10000000000002274 -54434.75708845496
42 64.55630105493084 51.00000000000001 -26.580982460648688
42 34525.99395556644 27056.0 -27.609380379828647
42 619.4857176583207 1875.0 66.96076172488957
43 60.7390146346215 42.0 -44.61670151100356
43 32480.785834235445 22824.0 -42.30978721624362
43 141.55270663171223 0.10000000000002274 -141452.70663168002
44 63.92986799733701 47.0 -36.02099573901492
44 33583.37812835174 29163.000000000004 -15.157487667084094
44 1447.1047938608053 1330.0 -8.804871718857543
45 64.95999213456811 62.00000000000001 -4.774180862206618
45 34794.00027878578 31717.0 -9.701422829352653
45 185.20346523061485 0.10000000000002274 -185103.46523057274
46 77.5350485563707 79.0 1.8543689159864596
46 41018.67490050399 39876.0 -2.865570519871575
46 624.8590676312878 0.10000000000002274 -624759.0676311457
47 58.815255103536614 46.0 -27.859250225079595
47 31664.2633573082 25331.0 -25.002026597087358
47 231.50355199913446 0.10000000000002274 -231403.5519990818
48 77.89322804114491 73.0 -6.703052111157409
48 41415.08073159147 41844.0 1.0250436583704434
48 318.4806872556456 0.10000000000002274 -318380.68725557317
49 60.49341439141591 57.0 -6.12879717792265
49 32507.637301851617 29264.000000000004 -11.08405310911568
49 263.1352442936499 0.10000000000002274 -263035.2442935901
50 70.04239049734561 61.0 -14.823590979255094
50 37081.500775886445 33621.0 -10.292676529212233
50 1181.7992291515989 811.0000000000002 -45.72123664014779
51 57.938239636338864 44.0 -31.6778173553156
51 31255.029366785715 23670.000000000004 -32.0449064925463
51 1198.371833698587 1302.0 7.959152557712219
52 55.391168075147235 70.0 20.869759892646808
52 30828.644011184548 35549.0 13.278449432657604
52 -36.687098413010176 0.10000000000002274 36787.09841300184
53 81.11103698700819 52.00000000000001 -55.982763436554194
53 42994.11371521453 29193.0 -47.27542121472453
53 580.9233500502728 880.0000000000002 33.98598294883266
54 47.21348074058689 48.00000000000001 1.6385817904439972
54 26860.1978150848 25550.000000000004 -5.127975792895487
54 1463.278736340515 1481.0 1.196574183624914
55 47.06572918009148 44.0 -6.9675663183897285
55 24579.995544870668 22771.0 -7.944295572748969
55 907.2697600858395 638.9999999999999 -41.982748057251904
56 60.51183592130132 56.0 -8.056849859466642
56 32373.80875912009 29486.000000000004 -9.79383015370035
56 1249.6172393611096 1634.0 23.524036758806023
57 70.6303536675114 65.0 -8.662082565402155
57 37248.494115409914 34501.0 -7.963520232485766
57 875.2985610065962 0.10000000000002274 -875198.5610063971
58 50.73610546797263 45.0 -12.746901039939173
58 27582.467966046643 24051.000000000004 -14.683247956619844
58 479.25910652628215 0.10000000000002274 -479159.10652617324
59 66.81018358719248 66.00000000000001 -1.2275508896855591
59 35759.769127210064 36031.0 0.7527708717213962
59 383.17734587015536 0.10000000000002274 -383077.34587006824
60 80.74233669630016 81.0 0.3181028440738803
60 42940.50430033729 42521.0 -0.986581454663089
60 260.6160537362514 0.10000000000002274 -260516.05373619215
61 61.94154565008804 44.0 -40.77624011383645
61 32981.62838012185 23885.000000000004 -38.08510939971466
61 -3.7684680488086997 0.10000000000002274 3868.468048807843
62 61.78615200230217 68.00000000000001 9.138011761320362
62 33089.87740771261 35018.0 5.506089988826869
62 1730.6165144901329 2082.0 16.877208718053176
63 81.65734073860828 68.00000000000001 -20.08432461560039
63 43564.31022986235 35579.0 -22.443886084101152
63 61.335463374257074 786.0 92.19650593202836
64 60.7686267781872 54.0 -12.534494033679996
64 32564.61078351723 29723.0 -9.560309469155973
64 223.4308729178226 0.10000000000002274 -223330.87291777178
65 60.26800986429442 56.0 -7.621446186240036
65 32110.331990657727 31294.999999999996 -2.6053107226641026
65 1528.3137460514413 1658.0 7.8218488509384025
66 79.3311064843071 79.0 -0.4191221320343031
66 42154.91755000117 42829.0 1.5738925727867341
66 313.58919300668595 0.10000000000002274 -313489.19300661463
67 44.97880853391186 49.0 8.206513196098246
67 24445.02079899016 24628.0 0.7429722308341685
67 403.8348403980092 1415.0 71.46043530756118
68 66.44739410931038 70.0 5.075151272413742
68 35501.907353615796 37142.99999999999 4.418309362152216
68 500.1088442407863 0.10000000000002274 -500008.84424067265
69 81.28818414688473 78.0 -4.21562070113427
69 43254.54295050348 40453.0 -6.925426916430122
69 204.24162143220013 0.10000000000002274 -204141.62143215368
70 51.68675559927721 36.0 -43.57432110910337
70 27382.316609618207 18923.0 -44.70388738370347
70 541.3697935750225 986.9999999999999 45.14997025582345
71 75.71576719885104 62.00000000000001 -22.122205159437147
71 40527.10660426563 33472.0 -21.077636843527817
71 108.03870250223133 0.10000000000002274 -107938.70250220677
72 73.39638559630352 69.0 -6.371573327976112
72 39179.80037161006 34798.99999999999 -12.588868564068123
72 367.6900971218087 0.10000000000002274 -367590.0971217251
73 50.29352165624678 48.00000000000001 -4.778170117180779
73 27113.71660428244 24401.000000000004 -11.117235376756835
73 262.7399202235395 0.10000000000002274 -262639.9202234798
74 82.07577504456926 64.00000000000001 -28.243398507139432
74 43757.07675181634 37107.99999999999 -17.91817600467918
74 99.45486692656067 0.10000000000002274 -99354.86692653806
75 81.73171458725628 63.0 -29.73288029723219
75 43356.23673745771 31519.000000000007 -37.55587657431295
75 499.48537644367525 232.00000000000006 -115.29542088089445
76 62.776009050387366 54.0 -16.251868611828453
76 33378.426650030655 28347.0 -17.74941492937755
76 668.2198916047004 1009.0000000000002 33.774044439573814
77 67.14343148215256 67.0 -0.21407683903367855
77 35957.07479220534 37970.0 5.3013568812079495
77 325.05058222950663 0.10000000000002274 -324950.5822294327
78 64.91378513142517 55.0 -18.025063875318494
78 34626.77812940191 29849.0 -16.006493113343524
78 705.1885332919159 0.10000000000002274 -705088.5332917556
79 47.57996516052893 53.0 10.2264808291907
79 25753.798430810297 25000.0 -3.0151937232411874
79 437.86369466905785 0.10000000000002274 -437763.6946689583
80 69.93818134659233 79.0 11.470656523300848
80 36622.47591211625 43146.0 15.11964976564166
80 976.1980974108868 0.10000000000002274 -976098.0974106649
81 80.87612016818295 68.00000000000001 -18.935470835563137
81 42720.50543687206 38265.0 -11.643814025537853
81 858.9675895550101 0.10000000000002274 -858867.5895548149
82 51.02996314180255 42.0 -21.49991224238702
82 28107.894805547025 22519.0 -24.818574561690237
82 1075.5174474572107 0.0 0.0
83 65.1874947657423 65.0 -0.2884534857573857
83 34972.76993119671 35675.99999999999 1.9711572732461171
83 375.6933468922901 0.10000000000002274 -375593.34689220466
84 65.3871154212413 47.0 -39.12152217285384
84 34906.46486432269 25573.0 -36.49734041497943
84 605.1599811733598 0.10000000000002274 -605059.9811732222
85 63.40395578420728 82.0 22.678102702186248
85 33863.3435705107 43136.0 21.496328888838335
85 267.62634757770417 0.10000000000002274 -267526.3475776433
86 82.05230760203304 73.0 -12.400421372648
86 43804.858632014264 38024.0 -15.203183862860994
86 25.61444775095464 0.10000000000002274 -25514.447750948817
87 65.77727078880409 63.0 -4.408366331435061
87 35125.60538695253 31166.999999999996 -12.701271816191909
87 550.6950384357125 0.10000000000002274 -550595.0384355873
88 47.51949767985141 53.0 10.340570415374694
88 25201.897615195994 28314.999999999996 10.994534292085477
88 292.47240690086136 0.10000000000002274 -292372.4069007948
89 78.60365105125405 68.00000000000001 -15.593604487138279
89 41924.727260132015 38040.0 -10.21221677216618
89 213.83125185835817 0.10000000000002274 -213731.25185830955
90 82.06622571702664 64.00000000000001 -28.2284776828541
90 43869.03202087857 35685.0 -22.934095616865825
90 -37.12921826819007 0.10000000000002274 37229.218268181634
91 59.85785099065645 54.0 -10.847872204919355
91 32979.17549844291 30029.999999999996 -9.820764230579146
91 185.04001668314842 0.10000000000002274 -184940.01668310634
92 65.52104736771427 60.00000000000001 -9.201745612857112
92 35097.29228938303 32162.999999999996 -9.123192144336773
92 408.2637791616386 0.10000000000002274 -408163.77916154574
93 63.39531687079039 50.0 -26.790633741580777
93 33977.82963657975 26834.0 -26.622306165982522
93 678.3163411243693 681.0000000000001 0.39407619319101905
94 58.47956018844479 55.0 -6.326473069899624
94 31622.3758894127 29341.0 -7.775385601761012
94 299.77825997895707 0.10000000000002274 -299678.2599788889
95 65.11339332289927 63.0 -3.354592576030588
95 34744.833508093165 35183.0 1.2453926382253795
95 662.1807685231098 0.10000000000002274 -662080.7685229592
96 53.78332558984998 47.0 -14.43260763797868
96 29055.80998674589 25647.0 -13.291262084243346
96 243.6964602812192 0.10000000000002274 -243596.4602811638
97 80.89688530533188 72.0 -12.356785146294275
97 42935.51891975546 40523.0 -5.953455863967271
97 481.48833312316384 0.10000000000002274 -481388.33312305436
98 62.93680172399549 52.00000000000001 -21.032311007683614
98 33703.48743773963 28173.000000000004 -19.630452694919352
98 794.8438748046533 715.0 -11.166975497154308
99 52.323208104821724 46.0 -13.7461045756994
99 27998.863666724443 24138.0 -15.994960919398634
99 144.88639339953662 0.10000000000002274 -144786.39339950366
100 75.84111113346171 72.0 -5.334876574252374
100 40353.650786806385 38487.0 -4.850081291881376
100 498.1097376444684 0.10000000000002274 -498009.7376443551
101 52.375449688054395 71.0 26.23176100274029
101 28358.01277365189 37771.99999999999 24.923189734057246
101 319.6039402090317 0.10000000000002274 -319503.940208959
102 64.89709034744828 61.0 -6.388672700734892
102 34245.47345322382 33403.0 -2.522149068119096
102 1219.017590344723 1107.0000000000005 -10.119023518041777
103 61.67359727338714 49.0 -25.864484231402322
103 33180.68325788722 26145.0 -26.91024386263997
103 203.4057947582873 0.10000000000002274 -203305.79475824104
104 80.82712695685456 89.00000000000001 9.183003419264558
104 42435.80248972676 47123.00000000001 9.946729856488862
104 1338.1527904007044 2140.0 37.46949577566802
105 59.74350494072929 53.0 -12.72359422779111
105 32140.611812996412 27378.999999999996 -17.39147453521464
105 342.2935168672889 0.10000000000002274 -342193.5168672111
106 65.26509784220642 51.00000000000001 -27.970780082757663
106 34820.23461993569 32334.0 -7.68922688172107
106 652.1489830167613 1582.0 58.77692901284695
107 57.22623311192126 52.00000000000001 -10.050448292156256
107 30182.62543222192 27991.000000000004 -7.829750391989987
107 694.545662107234 789.0 11.971398972467178
108 63.79271580620135 51.00000000000001 -25.083756482747727
108 33958.724763942075 25286.000000000004 -34.29852394187325
108 981.0703141540328 1187.0 17.34875196680432
109 65.37835326387726 39.0 -67.63680324071092
109 34689.50582189759 21532.000000000004 -61.106751912955524
109 948.7210943747701 1271.0 25.356326170356404
110 47.47331053751569 39.0 -21.72643727568125
110 26208.566101062293 20428.000000000004 -28.297268949786027
110 663.5584540969912 0.10000000000002274 -663458.4540968403
111 65.27038254466467 53.0 -23.151665178612586
111 34733.763501508955 24607.0 -41.15399480436036
111 790.2868898198046 1162.0 31.989080049930756
112 79.56630876083257 92.0 13.514881781703728
112 41454.80447424292 47822.0 13.31436478139158
112 1563.4319925081095 1186.0 -31.823945405405524
113 47.0270654383375 40.0 -17.567663595843754
113 25647.643389628225 21399.0 -19.85440155908325
113 615.8334045668657 0.10000000000002274 -615733.4045667257
114 81.1116827057003 68.00000000000001 -19.281886331912187
114 42546.59729227163 33811.0 -25.83655405717557
114 1585.994399512334 1372.0 -15.597259439674488
115 79.56440777345665 69.0 -15.310735903560364
115 42384.34412870004 34898.0 -21.452072120752018
115 169.11486256567625 1259.0 86.56752481607019
116 45.751835479438654 37.0 -23.653609403888254
116 24853.88691840356 19737.0 -25.925352983754173
116 488.83367126418284 864.0 43.42202878886773
117 61.78615200230217 68.00000000000001 9.138011761320362
117 33089.87740771261 35018.0 5.506089988826869
117 1730.6165144901329 2082.0 16.877208718053176
118 63.37017131885357 49.0 -29.32688024255831
118 33806.9830164239 26723.0 -26.508936183901145
118 933.657924039466 1155.0 19.16381610047913
119 51.69826303049692 41.0 -26.093324464626626
119 27396.86983907669 20750.0 -32.03310765820092
119 426.42959231526714 850.0000000000002 49.83181266879211
120 79.40904375563461 76.0 -4.485583888992912
120 41981.59119024824 41389.0 -1.4317601059417726
120 834.22362994889 0.10000000000002274 -834123.6299487003
121 56.875430751502556 64.00000000000001 11.132139450777276
121 30667.83739372859 30305.000000000007 -1.1972855757419012
121 244.8486287762516 1057.0000000000002 76.83551288777186
122 65.19588013249813 75.0 13.072159823335824
122 34617.76940582095 39462.0 12.27568444118151
122 914.6590631746058 1364.0 32.942883931480516
123 80.93505683189314 63.0 -28.468344177608152
123 42939.474827495345 31960.000000000007 -34.35380108728203
123 511.4764374584213 1109.0000000000005 53.879491662901614
124 52.79635361500886 43.0 -22.782217709322932
124 28659.687359658994 23380.000000000004 -22.582067406582503
124 395.8262358293057 792.0 50.021939920542216
125 81.10558191201994 81.0 -0.13034803953079388
125 42615.70622891626 41714.0 -2.161639327123404
125 1382.9370793480587 859.0000000000002 -60.993839272183735
126 66.53879250135242 68.00000000000001 2.1488345568346996
126 35470.65651736813 36755.0 3.4943367776679906
126 663.4729541052286 1043.0 36.38801974063004
127 66.49523243339229 65.0 -2.3003575898342907
127 35279.19627435863 33357.0 -5.762497449886459
127 720.6893884412979 1348.0 46.5363955162242
128 47.73727718308617 46.0 -3.7766895284481974
128 26090.777771067445 22434.000000000004 -16.300159450242674
128 688.3744478166041 1305.0 47.25100016731003
129 67.58411853250148 69.0 2.0520021268094526
129 35908.40286792004 36462.0 1.5182851518840383
129 844.0075594827747 1274.0 33.751368957396025
130 68.69853886895072 61.0 -12.620555522870033
130 36423.35066335382 33403.0 -9.042153888434632
130 888.7303914808124 1107.0000000000005 19.71721847508473
131 55.396385737078106 56.0 1.0778826123605256
131 30784.654183689312 33211.99999999999 7.308640901814649
131 1396.086026669382 1270.0 -9.928033596014323
132 81.5455490777264 67.0 -21.709774742875233
132 43035.6839526847 36400.0 -18.22990096891402
132 1031.138155963833 1257.0 17.968324903434127
133 64.53387812959022 59.00000000000001 -9.379454456932566
133 34299.38105321214 31951.0 -7.349945395174305
133 941.1784811610025 0.10000000000002274 -941078.4811607886
134 67.12566299756482 69.0 2.71643043831186
134 35785.65263049754 38110.99999999999 6.1015123442115184
134 628.6917262385917 0.10000000000002274 -628591.7262384488
135 65.5269084706174 65.0 -0.8106284163344614
135 34847.02766423756 34404.0 -1.2877213819252447
135 812.7651770560624 443.9999999999999 -83.05522005767175
136 65.31431710211005 71.0 8.008004081535137
136 34697.00073852284 38555.0 10.006482327784106
136 882.8883838159828 909.0000000000002 2.8725650367455886
137 81.70462860071576 82.0 0.3602090235173601
137 43182.0546808987 45348.00000000001 4.7762752913057
137 907.4187739585237 1461.0 37.890569886480236
138 81.09302341712691 68.00000000000001 -19.254446201657203
138 43083.32395630333 36679.0 -17.4604649971464
138 236.96242747148796 281.0 15.67173399591176
139 65.82903284278652 67.0 1.7477121749454962
139 35196.02102790433 37865.0 7.048670202286197
139 432.2048253580349 0.0 0.0
140 63.19160681673433 55.0 -14.893830575880598
140 33963.92916155188 30824.0 -10.186637560186483
140 216.44787871244574 0.0 0.0
141 64.74699629435447 52.00000000000001 -24.513454412220128
141 34612.251910129205 29331.000000000004 -18.005700147043065
141 299.4551418599995 0.0 0.0
142 64.04628992290365 65.0 1.4672462724559174
142 34434.878839643745 32964.0 -4.4620763246078905
142 420.9404091182081 1318.0000000000005 68.06218443716176
143 58.57092692050416 47.0 -24.618993447881184
143 31925.992212211786 24862.000000000004 -28.412807546503828
143 364.59253848941296 1510.0 75.85479877553556
144 80.8748638705672 76.0 -6.4142945665357844
144 42896.101601586444 42309.0 -1.3876518036031207
144 236.12043298144363 1122.0 78.95539812999611
145 82.10224483967417 67.0 -22.540663939812195
145 43804.3389932221 35212.0 -24.401735184658932
145 58.743339034028 573.0 89.7481083710248
146 65.53505583524463 57.0 -14.97378216709585
146 35100.50705586614 30338.0 -15.698157610475771
146 213.03722511591684 477.0 55.3381079421558
147 79.46249079623149 71.0 -11.919001121452807
147 41898.270589530366 39366.0 -6.432633718260342
147 188.08205780664295 0.0 0.0
148 74.5804640732703 60.00000000000001 -24.300773455450493
148 39629.887063237606 33088.0 -19.771177052821585
148 -53.38169960142977 0.0 0.0
149 74.58174095636765 72.0 -3.5857513282884077
149 39818.456370316955 38765.99999999999 -2.714895450438432
149 272.6963668728497 1011.0000000000002 73.02706559121171
150 64.02578610727092 53.0 -20.803370013718713
150 34282.58614044499 29617.0 -15.753067969223721
150 237.26074489742135 263.0 9.78678901238732
151 72.86306002250498 55.0 -32.47829095000906
151 38729.10067743483 30377.000000000007 -27.494817386294955
151 376.51916807520905 0.0 0.0
152 60.6663651942691 43.0 -41.08457021923046
152 32451.86361604667 23524.0 -37.95214936255174
152 52.117878456676124 839.0 93.78809553555708
153 65.60166355080447 84.0 21.902781487137528
153 35023.33360825378 39579.0 11.510312013305594
153 504.56099491630516 935.0 46.03625722820265
154 58.6804644884475 54.0 -8.66752683045833
154 31744.750530675956 28915.999999999996 -9.782648121026282
154 314.56139950809376 0.0 0.0
155 66.60618843854223 62.00000000000001 -7.429336191197137
155 35433.92152829504 31689.0 -11.817733372132409
155 570.2518392611944 886.0000000000002 35.63748992537311
156 60.12410751037919 46.0 -30.704581544302588
156 32148.00506539999 27149.0 -18.41321988065855
156 133.19477710775953 1036.0 87.14336128303479
157 81.41175166872327 76.0 -7.120725879899038
157 43262.137120643936 41861.0 -3.347118130584401
157 239.02194053734277 765.0 68.75530189054344
158 61.98726092558521 60.00000000000001 -3.312101542642006
158 32929.97873489145 32457.000000000004 -1.4572472344685068
158 251.01914532559135 594.9999999999999 57.811908348640095
159 81.32862231041207 82.0 0.8187532799852777
159 43372.79664267975 45435.0 4.538799069704522
159 82.49357286581147 0.0 0.0
160 75.97016876234534 73.0 -4.068724331979915
160 40369.61005295729 39212.0 -2.9521831402562655
160 285.77900066291204 0.0 0.0
161 81.29733930561648 79.0 -2.908024437489209
161 43053.34462148494 45464.0 5.302338946232318
161 457.6332170175093 0.0 0.0
162 59.71586465986035 55.0 -8.574299381564275
162 31613.55615928385 29906.0 -5.709744396722562
162 18.71891909882345 0.0 0.0
163 76.36358142995468 65.0 -17.482432969161042
163 40251.4154435028 36829.0 -9.29271889951615
163 954.9469431899817 1424.0 32.93911915800691
164 60.100294587072845 44.0 -36.59157860698374
164 32156.53947038097 34246.0 6.101327248785351
164 105.86332899443636 0.0 0.0
165 80.8542594910115 74.0 -9.262512825691221
165 42651.45517143644 37417.0 -13.989510573900747
165 708.5124719820678 321.0 -120.7203962560959
166 63.81374729900562 59.00000000000001 -8.158893727128156
166 34037.76077593886 29239.000000000004 -16.412191853137447
166 204.7202596747758 0.0 0.0
167 81.96301175606749 60.00000000000001 -36.605019593445796
167 43648.71421027378 31964.000000000004 -36.55585724650786
167 155.45288758212882 470.99999999999994 66.99514064073698
168 62.43546019005464 52.00000000000001 -20.068192673181986
168 33274.89306876726 28320.000000000004 -17.496091344517154
168 18.772183000972234 0.0 0.0
169 81.64678786984518 77.0 -6.034789441357382
169 43297.64548752847 40957.0 -5.714885092971821
169 444.9206428588936 368.0 -20.902348602960213
170 59.79562180504073 47.0 -27.224727244767514
170 31422.25523863225 25043.0 -25.473207038422913
170 790.2737811122931 1253.0 36.92946679071882
171 82.03191897471328 43.0 -90.77190459235645
171 43781.353463232226 41697.0 -4.998809178675268
171 41.01681343049455 0.0 0.0
172 55.54927705899049 57.0 2.5451279666833493
172 29833.418267137306 31051.0 3.921231950219621
172 114.71192906267407 0.0 0.0
173 68.04412454161795 64.00000000000001 -6.318944596278018
173 36334.1293711657 35300.0 -2.929544960809343
173 454.4318856930834 0.0 0.0
174 59.97330735416741 55.0 -9.04237700757711
174 31885.592663565487 30962.999999999996 -2.9796617368003444
174 -32.734561768091226 0.0 0.0
175 81.71805824189897 80.0 -2.147572802373716
175 43628.18449710083 46500.0 6.175947318062726
175 21.56532860813911 471.99999999999994 95.43107444742816
176 61.94585948526674 54.0 -14.714554602345812
176 33119.519583102374 28902.0 -14.592483506685952
176 53.77802029693339 0.0 0.0
177 81.91603035351253 85.0 3.6281995841029118
177 43620.4544894438 48462.0 9.990395589443688
177 186.3377735159446 0.0 0.0
178 69.93737158953387 62.00000000000001 -12.802212241183645
178 37337.46305827852 36522.99999999999 -2.230000433366714
178 32.989542344609276 0.0 0.0
179 65.89994899353965 74.0 10.946014873595065
179 35304.36656003454 38853.0 9.13348632014377
179 347.9156743874043 0.0 0.0
180 65.3132916937262 66.00000000000001 1.0404671307179008
180 35057.41132878178 33762.99999999999 -3.8338160968568826
180 261.2262315219628 0.0 0.0
181 80.30532529116309 73.0 -10.007294919401488
181 42578.905898528305 36457.0 -16.79212743376664
181 145.80885951117023 0.0 0.0
182 63.02562166266272 59.00000000000001 -6.823087563835109
182 33702.155845455796 30375.000000000007 -10.95359949121247
182 70.04647139571745 0.0 0.0
183 81.78220595038897 80.0 -2.227757437986213
183 43514.10189144184 39244.0 -10.880903810625416
183 194.56683206641233 0.0 0.0
184 58.62306473440632 65.0 9.810669639374892
184 31264.781610263588 31855.000000000004 1.8528280952328224
184 94.01417237080608 0.0 0.0
185 81.25954915875792 75.0 -8.34606554501056
185 43356.36980455113 40027.0 -8.317809989634812
185 56.39474523710379 0.0 0.0
186 72.65477756351082 67.0 -8.439966512702716
186 39074.35409353556 34768.0 -12.385970126367818
186 13.44992897046211 0.0 0.0
187 81.09234324785453 70.0 -15.846204639792186
187 42754.335258261926 40353.0 -5.95082214026696
187 900.6461569635643 0.0 0.0
188 63.61074511827675 62.00000000000001 -2.597975997220558
188 33837.974830083425 34616.0 2.247588311522344
188 70.24042233080348 0.0 0.0
189 81.83209306621733 73.0 -12.09875762495524
189 43714.245862767086 43383.0 -0.763538396992107
189 -6.154843047256691 0.0 0.0
190 61.75057700658757 61.0 -1.23045410915995
190 32919.30781756919 35112.0 6.244851282840078
190 35.495631402119216 0.0 0.0
191 81.37763169761914 75.0 -8.503508930158848
191 43157.67751659114 43043.0 -0.2664254735755839
191 348.2908016222646 0.0 0.0
192 82.0094953734706 82.0 -0.011579723744633645
192 43732.80837276227 46864.0 6.68144338348781
192 76.95270377277768 0.0 0.0
193 63.61765116618528 59.00000000000001 -7.826527400314026
193 33882.484483732325 31374.000000000004 -7.995424503513488
193 442.07076109838357 0.0 0.0
194 81.95135750076534 67.0 -22.31545895636618
194 43685.26521143245 38635.0 -13.071736020272946
194 111.25159477674657 0.0 0.0
195 63.05019497400402 61.0 -3.3609753672197074
195 33607.23922823919 32738.000000000004 -2.6551384575697496
195 60.41249203853499 0.0 0.0
196 81.34856809485271 72.0 -12.984122353962096
196 43335.806587461775 38415.0 -12.809596739455356
196 152.97646695564688 0.0 0.0
197 61.12941789533312 62.00000000000001 1.4041646849465923
197 32420.826052301774 32994.0 1.7372066063472924
197 252.18041714586036 0.0 0.0
198 81.76440798443767 70.0 -16.80629712062524
198 43588.673482391765 37745.0 -15.481980348103763
198 102.12275065679995 0.0 0.0
199 54.640062756481605 59.00000000000001 7.389724141556613
199 29312.652684738157 27711.999999999996 -5.77602729769833
199 114.67285466267424 0.0 0.0
200 81.77193832337174 79.0 -3.508782687812332
200 43674.14844232055 43152.0 -1.2100214180583693
200 2.5105164575320487 0.0 0.0
201 63.70745151635285 50.0 -27.414903032705695
201 34086.81753269575 26783.000000000004 -27.270348850747656
201 114.92545066897361 0.0 0.0
202 80.90195833586519 73.0 -10.8246004600893
202 43075.906461826075 39630.0 -8.695196724264633
202 168.15072103097688 0.0 0.0
203 64.89471471010155 71.0 8.59899336605415
203 34785.16841120665 37693.0 7.714513540427531
203 431.88934571732904 0.0 0.0
204 63.58572505005509 51.00000000000001 -24.67789225500996
204 33995.1086591942 25117.000000000007 -35.3470106270422
204 213.6547838572517 0.0 0.0
205 79.68226881125167 59.00000000000001 -35.054692900426545
205 42138.4490390618 32089.0 -31.317426654186175
205 62.79646478986069 0.0 0.0
206 56.464649589746195 47.0 -20.137552318608925
206 30086.976935768544 27616.000000000007 -8.947627953970654
206 153.92960447553307 0.0 0.0
207 81.90207479715289 81.0 -1.1136725890776444
207 43644.231384613304 42239.0 -3.326857606982419
207 135.04271500565346 0.0 0.0
208 73.04898989157073 71.0 -2.8859012557334185
208 39097.29867726705 36891.99999999999 -5.977715161192281
208 -99.82757549594595 0.0 0.0
209 81.57864423783765 76.0 -7.340321365575857
209 43505.11428691345 41780.0 -4.1290432908411905
209 79.8091922666303 0.0 0.0
210 61.71342420563396 49.0 -25.94576368496727
210 32765.088258757212 27390.0 -19.62427257669665
210 229.45765141419045 0.0 0.0
211 81.33665271227552 77.0 -5.632016509448731
211 43309.763788788914 44182.0 1.9741890616338915
211 161.54979965536947 0.0 0.0
212 61.1132960992375 51.00000000000001 -19.829992351446066
212 32661.950624131066 28586.999999999996 -14.254558450103442
212 45.64974509680735 0.0 0.0
213 62.65424011566446 65.0 3.6088613605162196
213 33449.02928210508 35185.0 4.9338374815828265
213 82.41971543221291 0.0 0.0
214 80.40176218450736 86.0 6.509578855223998
214 42754.39329955926 45486.0 6.00537901868869
214 247.3276959543363 0.0 0.0
215 80.78974348924757 64.00000000000001 -26.2339742019493
215 42865.418556565586 34554.0 -24.053419449457618
215 475.1494178568399 0.0 0.0
216 61.11792091512398 63.0 2.987427118850823
216 32746.077093051143 34989.0 6.410365849120744
216 131.0773907958249 0.0 0.0
217 80.22210354884211 75.0 -6.962804731789484
217 42355.02454168783 38882.99999999999 -8.929415275796208
217 337.42369717511593 0.0 0.0
218 52.88843853827239 60.00000000000001 11.852602436212695
218 28081.81008476235 32794.0 14.369061155204152
218 373.4156692504782 0.0 0.0
219 81.90677409219711 72.0 -13.759408461384876
219 43624.12089277977 40147.0 -8.660973155602587
219 142.8380387562193 0.0 0.0
220 62.69327505553403 58.00000000000001 -8.091853544024177
220 33490.80395249249 31783.0 -5.373325213140641
220 56.62275459053973 0.0 0.0
221 64.24513667614376 44.0 -46.01167426396309
221 34479.02496734515 25409.0 -35.69611148547816
221 468.5783846074189 0.0 0.0
222 62.88303309417936 54.0 -16.450061285517332
222 33875.62533881469 29480.0 -14.910533713754026
222 146.3830846163809 0.0 0.0
223 81.72864855700027 89.00000000000001 8.170057801123306
223 43351.601725179135 45906.0 5.564410479721312
223 545.3966104064712 0.0 0.0
224 58.71063550882456 73.0 19.574471905719783
224 31118.43969650304 38408.0 18.97927594120225
224 494.1480424819995 0.0 0.0
225 65.30539573735798 55.0 -18.737083158832696
225 35009.98020660889 29313.000000000004 -19.434995417080764
225 381.25138828155076 0.0 0.0
226 48.74534627061727 49.0 0.5197014885361865
226 27014.107132372417 25262.0 -6.935741953813701
226 860.0990129808715 964.0000000000002 10.778110686631607
227 78.37158593257928 63.0 -24.39934275012584
227 41675.031535188224 34648.99999999999 -20.277732503645797
227 268.5563326448283 0.0 0.0
228 60.16779870540021 49.0 -22.791425929388183
228 31926.468385580134 27487.0 -16.151156494270506
228 253.21744495498925 0.0 0.0
229 65.3682179188523 74.0 11.664570379929332
229 34930.39062263191 39847.0 12.338719043762621
229 480.1619699206989 0.0 0.0
230 61.16603402726562 61.0 -0.2721869299436346
230 32663.26581587974 32004.0 -2.059948181101545
230 567.1327620021718 0.0 0.0
231 65.87150212551444 65.0 -1.340772500791445
231 35120.608175333684 31317.0 -12.145506195784026
231 536.4210078738395 0.0 0.0
232 61.054839383682605 40.0 -52.63709845920651
232 33648.369131012776 22812.0 -47.50293324133253
232 78.26588722268895 0.0 0.0
233 74.1407438940764 69.0 -7.450353469675933
233 39279.41779767676 37536.0 -4.644655258090261
233 626.8730728242087 0.0 0.0
234 58.0150610186425 55.0 -5.481929124804543
234 31708.730059572074 29509.0 -7.454437831075514
234 70.54268229308536 0.0 0.0
235 80.04404102028339 75.0 -6.7253880270445165
235 42604.46371523555 41132.0 -3.579849545938806
235 195.13020129598635 0.0 0.0
236 50.877491255019 41.0 -24.0914420854122
236 27676.801725308847 20296.000000000007 -36.365794862578035
236 484.0224703252446 0.0 0.0
237 65.59702403526421 71.0 7.609825302444771
237 35147.80238324345 39138.00000000001 10.195200615147831
237 369.44575392619015 0.0 0.0
238 55.97685307721407 43.0 -30.17872808654436
238 30230.92741604943 22354.000000000007 -35.237216677325854
238 222.74838972277908 0.0 0.0
239 80.40901999037536 78.0 -3.0884871671478917
239 42796.89607329128 44528.0 3.887675006083179
239 190.8177115541047 0.0 0.0
240 54.93937107167592 48.00000000000001 -14.457023065991487
240 29770.095805057215 26523.0 -12.242566093794878
240 218.32550792908768 0.0 0.0
241 81.6687185689218 61.0 -33.88314519495378
241 43407.504771165055 30602.000000000004 -41.84531981950542
241 248.64316050722704 0.0 0.0
242 62.3715124094295 52.00000000000001 -19.94521617197979
242 33483.580065322596 27727.000000000007 -20.761640514020943
242 151.07088689955302 0.0 0.0
243 81.54653102940914 79.0 -3.2234569992520736
243 43451.23718249716 40449.0 -7.422277886961763
243 148.6648139230519 0.0 0.0
244 74.15870368411969 65.0 -14.090313360184133
244 39385.11083854259 33800.99999999999 -16.52054921020857
244 263.3664604316398 0.0 0.0
245 50.07714814517078 40.0 -25.192870362926957
245 26777.613427156037 21075.000000000004 -27.058663948545824
245 192.10505592018234 0.0 0.0
246 64.95896352730648 59.00000000000001 -10.099938181875377
246 34673.54354574684 32870.0 -5.4868985267625225
246 520.1662226983748 0.0 0.0
247 59.23474244050576 53.0 -11.763664982086345
247 31852.86189914205 28747.999999999996 -10.800270972387837
247 257.8723785235461 0.0 0.0
248 67.9362763344096 73.0 6.936607761082743
248 36261.30882537581 39731.0 8.732957072875562
248 434.3938310739776 0.0 0.0
249 64.80098197743942 56.0 -15.716039245427535
249 34697.70383952985 30185.0 -14.950153518402686
249 234.41418125275 0.0 0.0
250 81.67865767465216 72.0 -13.442580103683552
250 43528.761491713 35837.0 -21.46318467425565
250 125.48504952523325 0.0 0.0
251 62.39668694897723 66.00000000000001 5.459565228822404
251 33242.7523908438 32566.000000000004 -2.078094917533003
251 5.672412005934518 0.0 0.0
252 81.42039425317694 75.0 -8.560525670902583
252 43476.766184571636 42399.0 -2.541961330624863
252 33.832549977248505 0.0 0.0
253 57.95616882731137 58.00000000000001 0.07557098739419656
253 30388.247417213064 32101.0 5.335511612681648
253 672.9333902288854 0.0 0.0
254 66.38040901402205 53.0 -25.246054743437828
254 36667.16592149226 30032.0 -22.09365317492096
254 -267.499937109044 0.0 0.0
255 61.356379778348895 50.0 -22.71275955669779
255 32752.216919246224 27797.0 -17.826445009339945
255 297.7133140090137 0.0 0.0
256 65.59842866495487 76.0 13.686278072427807
256 35164.11830485698 40927.0 14.08087984739419
256 351.25183386576003 0.0 0.0
257 56.70893750746533 70.0 18.987232132192386
257 30847.465645821056 38213.0 19.274944009051747
257 496.5695505047445 0.0 0.0
258 65.55042365717017 77.0 14.869579666012763
258 35152.702299904275 42274.0 16.84557340231756
258 339.8439955963289 0.0 0.0
259 59.573874511188095 62.00000000000001 3.913105627115988
259 32140.074781881365 33958.0 5.353451964540417
259 404.43369881005776 0.0 0.0
260 65.81951154796631 72.0 8.584011738935676
260 35246.09539027512 39529.0 10.834841786346427
260 373.93549519259193 0.0 0.0
261 81.22934351603266 73.0 -11.273073309633777
261 43410.58847212528 39474.0 -9.97261101516259
261 -117.21031581566888 0.0 0.0
262 82.07253355102836 80.0 -2.5906669387854464
262 43818.2808809502 43493.0 -0.7478924906311409
262 21.445967359614485 0.0 0.0
263 61.63845029847871 53.0 -16.29896282731832
263 33227.42228460613 26489.000000000004 -25.438568026751206
263 270.63638078833617 0.0 0.0
264 77.34159344897078 70.0 -10.487990641386833
264 41357.000103917424 37529.0 -10.200112190352591
264 106.44483325597645 0.0 0.0
265 60.87310574496037 52.00000000000001 -17.06366489415454
265 32357.974404306933 27719.999999999996 -16.731509395046672
265 -19.250466032563452 0.0 0.0
266 77.65206839148259 65.0 -19.464720602280902
266 41147.70219424438 36634.99999999999 -12.318007900216706
266 535.5093846028889 0.0 0.0
267 59.9554874412679 49.0 -22.35813763524061
267 32634.703531926592 27165.000000000004 -20.13511331465705
267 221.16940114656242 0.0 0.0
268 81.00953116628526 96.0 15.61507170178619
268 42853.22075246394 51147.0 16.215573244835596
268 459.02488433700586 0.0 0.0
269 63.246892837489376 57.0 -10.959461118402416
269 33712.306608444844 30722.0 -9.733437303706932
269 154.87504884279238 0.0 0.0
270 80.89498657723057 70.0 -15.564266538900812
270 42816.004342136584 39700.0 -7.8488774361123035
270 362.37967305788754 0.0 0.0
271 61.33347860493417 67.0 8.457494619501237
271 32577.80032366806 37828.0 13.879136291455907
271 4.4158950488342725 0.0 0.0
272 81.36725693675585 81.0 -0.4534036256245073
272 43204.94952294345 46604.00000000001 7.293473686929362
272 266.48460604508296 0.0 0.0
273 61.723611275731464 51.00000000000001 -21.02668877594403
273 32892.980443182685 26912.0 -22.224213894109262
273 -6.103066794363599 0.0 0.0
274 80.45355224257105 62.00000000000001 -29.763793939630713
274 42455.79829196705 32314.0 -31.385152850055846
274 479.3121992215209 0.0 0.0
275 61.41436049479636 73.0 15.870739048224161
275 32825.45573442441 38357.0 14.421211944561854
275 47.272612804832136 0.0 0.0
276 65.80877526757408 72.0 8.598923239480447
276 35146.78242330646 38873.0 9.585618750015538
276 488.63372596058605 0.0 0.0
277 63.323571960317864 76.0 16.67951057852913
277 33883.454590881876 38950.99999999999 13.010052140171286
277 88.00115120783715 0.0 0.0
278 80.76851761528337 91.00000000000001 11.243387235952353
278 42892.74555415366 49835.0 13.930479473956733
278 235.72641836133502 0.0 0.0
279 74.71206955336541 76.0 1.6946453245191975
279 40204.2447662216 40997.0 1.9336908402527015
279 101.96848135977348 0.0 0.0
280 81.46716718017299 71.0 -14.742488986159143
280 43372.798518923504 38425.0 -12.876508832592073
280 165.04862605979307 0.0 0.0
281 55.53874119302468 46.0 -20.736393897879733
281 30063.7677629723 24470.0 -22.85969662023825
281 289.10623944269724 0.0 0.0
282 77.64582607864848 92.0 15.602362957990778
282 41211.78695025052 50290.0 18.051726088187472
282 148.30342551023006 0.0 0.0
283 53.68878093446016 50.0 -7.377561868920324
283 28813.04909569754 27891.0 -3.305901888413972
283 131.533595366815 0.0 0.0
284 67.54925025912758 60.00000000000001 -12.582083765212612
284 35671.185072766064 32429.0 -9.997795407709347
284 796.86938595521 0.0 0.0
285 53.870421481886126 46.0 -17.109611917143752
285 29063.815612803082 23440.0 -23.99238742663431
285 201.4523222926644 0.0 0.0
286 64.08978890932211 57.0 -12.438226156705454
286 34002.4360781106 30183.999999999996 -12.650530340944224
286 393.0640184299556 0.0 0.0
287 46.249143521828984 31.0 -49.19078555428704
287 25109.20943342552 15978.999999999998 -57.13880363868529
287 512.7935631602667 0.0 0.0
288 81.36017937943838 85.0 4.282141906543084
288 43162.444381219844 45866.0 5.894465658178511
288 317.33345972573676 0.0 0.0
289 58.3764993101472 60.00000000000001 2.705834483088007
289 31957.280253776833 31575.000000000004 -1.2107054751443524
289 58.77490372715465 0.0 0.0
290 74.6903791171056 71.0 -5.197717066345926
290 39729.582264969176 41266.00000000001 3.723204902415622
290 357.08881723264057 0.0 0.0
291 45.92829067475764 48.00000000000001 4.31606109425493
291 24976.45951404282 26196.000000000004 4.655445434254018
291 529.8423148858529 0.0 0.0
292 63.42023543621039 57.0 -11.263570940719983
292 33659.756882285656 32182.000000000007 -4.591873973916003
292 426.1637008784252 0.0 0.0
293 49.53629876035261 42.0 -17.94356847703002
293 26669.682772988792 22518.0 -18.437173696548502
293 253.00352796062074 0.0 0.0
294 47.0809126461594 48.00000000000001 1.9147653205012696
294 26357.769890006053 23035.0 -14.42487471242046
294 360.460755314899 703.0000000000002 48.72535486274553
295 64.00698178729624 57.0 -12.292950504028493
295 34299.62698483599 30422.0 -12.746127752402828
295 554.8689497753353 0.0 0.0
296 50.06272434351634 50.0 -0.12544868703267298
296 27354.806077204717 26461.000000000007 -3.377824259116095
296 666.8293849234951 0.0 0.0
297 64.44605197204383 50.0 -28.892103944087665
297 34629.239687243185 27389.0 -26.434844964194333
297 394.55606287296257 0.0 0.0
298 59.98050161148291 48.00000000000001 -24.95937835725604
298 32357.523948751495 25747.000000000004 -25.67492891890896
298 407.8783745225364 0.0 0.0
299 65.9223948955686 59.00000000000001 -11.732872704353547
299 35194.5261066751 32188.0 -9.340518536955068
299 500.97791271693535 1361.0 63.19045461300989
300 59.43018740145546 53.0 -12.13242905934993
300 31574.835671265035 29570.000000000004 -6.779965070223303
300 603.3240502730899 1161.0 48.03410419697761
301 54.217330511054925 40.0 -35.54332627763731
301 29513.03141932999 18926.0 -55.93908601569264
301 487.08467457493214 0.0 0.0
302 65.21392991927301 57.0 -14.410403367145639
302 34839.31698462031 29857.999999999996 -16.683357842522316
302 493.3683362406589 0.0 0.0
303 55.81527342148438 35.0 -59.47220977566965
303 29699.48127137155 17926.0 -65.67823982690813
303 322.0867562005126 0.0 0.0
304 66.6639857467566 47.0 -41.83826754629062
304 35380.19317544534 24357.0 -45.2567770063856
304 690.2467665220859 0.0 0.0
305 55.0821358626656 41.0 -34.34667283576976
305 29860.343005395494 20620.000000000004 -44.81252669929917
305 335.24121544168065 0.0 0.0
306 65.36986019420303 50.0 -30.739720388406056
306 34837.54366572625 26088.0 -33.53857584225025
306 553.8732632072267 0.0 0.0
307 65.67266476615445 31.0 -111.84730569727243
307 35182.319282234545 17322.0 -103.10772013759694
307 368.375231504772 990.0000000000001 62.79038065608364
308 53.59199837975625 33.0 -62.39999509017045
308 29319.023789412124 16689.000000000004 -75.67873323393923
308 722.4428133591085 1036.0 30.266137706649754
309 63.857980558170134 66.00000000000001 3.245484002772546
309 34301.913351079944 36614.0 6.314761153984969
309 484.24869170551017 0.0 0.0
310 50.74784060141341 64.00000000000001 20.706499060291566
310 27651.864796548092 34518.0 19.891463014809396
310 546.6605064505807 0.0 0.0
311 64.5896129142369 69.0 6.3918653416856595
311 34603.8781422913 37693.0 8.195478889206745
311 484.3032657910436 0.0 0.0
312 54.05700557739195 57.0 5.163148109838688
312 29419.653778411484 28054.0 -4.86794673989978
312 367.5161760200806 0.0 0.0
313 65.44971291927124 68.00000000000001 3.7504221775423217
313 35012.89581699106 35558.0 1.5330001209543225
313 440.835486948713 609.0 27.61322053387307
314 63.002039772817206 50.0 -26.00407954563441
314 33553.40983612477 26524.0 -26.50207297588888
314 -16.77584333416121 0.0 0.0
315 77.7936267164593 66.00000000000001 -17.869131388574672
315 41421.95516650418 35233.0 -17.56579106662555
315 264.133632034613 0.0 0.0
316 57.15130345791776 44.0 -29.889326040722185
316 30922.254859959594 23807.0 -29.887238459106957
316 289.5592452018695 0.0 0.0
317 64.67157739370928 61.0 -6.018979333949647
317 34427.685072645196 31047.0 -10.88892670030984
317 529.4716338128736 800.0 33.8160457733908
318 56.073134996048985 59.00000000000001 4.960788142289867
318 30585.7639877052 32300.0 5.307232236206815
318 251.99046268423808 1130.0 77.69995905449221
319 69.39663289566528 66.00000000000001 -5.146413478280701
319 37056.843936304635 34751.0 -6.635331174080269
319 421.5367031388962 1267.0 66.72954197798767
320 58.78706429069373 46.0 -27.79796584933419
320 31727.633174335224 23188.000000000004 -36.827812551040275
320 395.7706014930433 760.0000000000002 47.92492085617853
321 80.24983509839898 58.00000000000001 -38.361784652412005
321 42119.948780739076 31914.000000000004 -31.97953493996074
321 1032.1997216224167 1842.0 43.96309871756695
322 60.70475502494897 50.0 -21.409510049897946
322 32429.396879309363 27290.000000000007 -18.83252795642856
322 345.9008577408048 0.0 0.0
323 64.71902309408677 61.0 -6.096759170634041
323 34740.1013046725 33135.0 -4.84412646649313
323 401.9138433514061 0.0 0.0
324 60.28067930553576 53.0 -13.737130765161817
324 32415.950504222652 27238.0 -19.010024613490902
324 440.84976398331276 0.0 0.0
325 78.67378815783047 65.0 -21.036597165893035
325 41250.302439793944 35733.0 -15.440356084834592
325 367.20737782435884 0.0 0.0
326 62.417303268564105 51.00000000000001 -22.386869154047247
326 33584.59556981345 27659.000000000004 -21.423752014944302
326 425.44864090264656 0.0 0.0
327 81.81030433908461 65.0 -25.86200667551478
327 43659.61621582844 33911.99999999999 -28.743855319144995
327 42.02103735985423 495.9999999999999 91.52801666131971
328 61.293601663473055 45.0 -36.20800369660679
328 32950.30277680871 25296.0 -30.258945196112876
328 258.7684585117704 300.99999999999994 14.030412454561311
329 80.71535731333327 70.0 -15.307653304761818
329 42686.64640884066 36677.0 -16.385327068300725
329 369.76988132447605 388.0 4.698484194722669
330 61.22225233488264 61.0 -0.3643480899715409
330 32598.187526788242 31960.000000000007 -1.9968320612898465
330 376.47812640027803 0.0 0.0
331 74.8315488559719 68.00000000000001 -10.046395376429246
331 39653.83739229593 36439.0 -8.822518159927355
331 594.8995809969516 680.0000000000001 12.514767500448306
332 60.49232000648689 40.0 -51.23080001621722
332 32302.441112052227 20880.0 -54.705177739713726
332 321.37957224810225 0.0 0.0
333 65.70890887452263 81.0 18.87789027836712
333 35130.26818494168 44490.0 21.03783280525584
333 463.1660285358566 0.0 0.0
334 65.03296826271752 45.0 -44.517707250483376
334 34624.47464114085 23071.0 -50.077910108538205
334 554.8984581441784 1948.0 71.51445286734197
335 49.11865043686528 36.0 -36.44069565795911
335 26737.595810184175 18295.000000000004 -46.14701180751118
335 545.1879887753265 1715.0 68.21061289939786
336 61.915596395555305 41.0 -51.01364974525684
336 33153.85688440843 20678.0 -60.333963073839
336 77.95888033025682 0.0 0.0
337 68.15476882230132 53.0 -28.59390343830438
337 36272.9347588403 28471.0 -27.40309352969795
337 479.9298118725928 558.0000000000001 13.991073141112423
338 65.73040608763695 48.00000000000001 -36.9383460159103
338 35041.028246127345 25630.0 -36.71879924357138
338 549.3089458272733 0.0 0.0
339 53.54097618352844 43.0 -24.513898101228936
339 29013.88258248509 23804.000000000004 -21.88658453404926
339 323.9586364623117 662.0 51.0636500812218
340 67.02929476022727 44.0 -52.3393062732438
340 35827.89542414358 22584.0 -58.64282423017879
340 432.64111345872243 1265.0 65.79912146571364
341 53.90274669863196 34.0 -58.537490290094
341 29258.494273257416 17642.0 -65.84567664242952
341 377.3631731134757 0.0 0.0
342 80.8698220132702 46.0 -75.80396089841346
342 43137.32489646338 23469.000000000007 -83.80555156360889
342 73.12752920432177 1373.0 94.67388716647329
343 62.4016528519437 36.0 -73.3379245887325
343 33236.581783269045 18361.0 -81.01727456712077
343 16.920197396180072 804.0000000000002 97.895497836296
344 64.93814830776878 46.0 -41.169887625584316
344 34665.616299002075 24808.000000000004 -39.73563487182389
344 520.109364996565 633.0000000000001 17.834223539247255
345 58.90469589869623 37.0 -59.20188080728711
345 30866.86089910398 20687.000000000004 -49.208976164276955
345 1036.903688938067 897.0000000000001 -15.59684380580456
346 66.46556158621175 51.00000000000001 -30.324630561199488
346 34961.85104635636 25369.000000000004 -37.813280170114524
346 949.5011671668755 1027.0 7.546137568950782
347 62.0840544165481 41.0 -51.42452296719049
347 33165.5467434715 19828.000000000004 -67.26622323719738
347 43.99723010171056 0.0 0.0
348 50.38026588612732 34.0 -48.17725260625682
348 28415.684636934504 19888.0 -42.87854302561597
348 1469.9490652777063 1363.0 -7.846593197190482
349 48.53253670715688 28.999999999999996 -67.35357485226513
349 26653.91435681472 15132.0 -76.14270656102775
349 841.9265668815005 933.0000000000001 9.761354031993521
350 79.70131690886947 66.00000000000001 -20.75957107404463
350 42597.9974801061 35473.0 -20.08569187862911
350 51.861656819437485 918.0 94.35058204581291
351 80.70973782054591 64.00000000000001 -26.108965344602957
351 42977.49973911317 31952.0 -34.50644635426004
351 177.34195083083145 735.0000000000002 75.87184342437668
352 61.771414219403965 55.0 -12.311662217098117
352 32926.88138865675 27622.000000000004 -19.205276188026744
352 0.8889345014366654 0.0 0.0
353 82.02726477366531 45.0 -82.28281060814513
353 43612.131460233984 28234.0 -54.466711979294416
353 315.6339275470886 1234.0 74.42188593621648
354 59.77048165999566 50.0 -19.54096331999132
354 32348.321253892125 39234.0 17.550284819564343
354 448.19350366441387 1234.0 63.679618827843285
355 61.81071948424275 52.00000000000001 -18.866768238928355
355 32914.87117588957 27091.0 -21.497438912884622
355 337.981993953069 0.0 0.0
356 72.86306002250498 55.0 -32.47829095000906
356 38729.10067743483 30377.000000000007 -27.494817386294955
356 376.51916807520905 0.0 0.0
357 60.6663651942691 43.0 -41.08457021923046
357 32451.86361604667 23524.0 -37.95214936255174
357 52.117878456676124 839.0 93.78809553555708
